5 5 0
5 10 0
5 15 0
5 20 0
5 25 0
5 30 0
5 35 0
5 40 0
5 45 0
5 50 0
5 55 0
5 60 0
5 65 0
5 70 0
5 75 0
5 80 0
5 85 0
5 90 0
5 95 0
5 100 0

10 5 0
10 10 0
10 15 0
10 20 0
10 25 0
10 30 0
10 35 0
10 40 0
10 45 0
10 50 0
10 55 0
10 60 0
10 65 0
10 70 0
10 75 0
10 80 0
10 85 0
10 90 0
10 95 0
10 100 0

15 5 0
15 10 0
15 15 0
15 20 0
15 25 0
15 30 0
15 35 0
15 40 0
15 45 0
15 50 0
15 55 0
15 60 0
15 65 0
15 70 0
15 75 0
15 80 0
15 85 0
15 90 0
15 95 0
15 100 0

20 5 0
20 10 0
20 15 0
20 20 0
20 25 0
20 30 1
20 35 0
20 40 0
20 45 0
20 50 0
20 55 1
20 60 0
20 65 1
20 70 0
20 75 0
20 80 0
20 85 0
20 90 0
20 95 0
20 100 0

25 5 0
25 10 0
25 15 0
25 20 0
25 25 1
25 30 0
25 35 0
25 40 2
25 45 2
25 50 1
25 55 0
25 60 0
25 65 0
25 70 1
25 75 1
25 80 0
25 85 1
25 90 3
25 95 2
25 100 0

30 5 0
30 10 0
30 15 1
30 20 2
30 25 2
30 30 0
30 35 3
30 40 4
30 45 3
30 50 4
30 55 2
30 60 4
30 65 4
30 70 4
30 75 4
30 80 1
30 85 1
30 90 4
30 95 5
30 100 3

35 5 0
35 10 1
35 15 2
35 20 5
35 25 6
35 30 5
35 35 6
35 40 7
35 45 5
35 50 5
35 55 5
35 60 9
35 65 7
35 70 6
35 75 7
35 80 9
35 85 6
35 90 9
35 95 6
35 100 6

40 5 0
40 10 1
40 15 2
40 20 7
40 25 6
40 30 7
40 35 10
40 40 9
40 45 8
40 50 8
40 55 9
40 60 9
40 65 10
40 70 9
40 75 9
40 80 9
40 85 8
40 90 9
40 95 10
40 100 9

45 5 0
45 10 1
45 15 6
45 20 7
45 25 10
45 30 7
45 35 10
45 40 9
45 45 9
45 50 10
45 55 10
45 60 8
45 65 10
45 70 9
45 75 10
45 80 10
45 85 10
45 90 9
45 95 10
45 100 10

50 5 0
50 10 2
50 15 7
50 20 9
50 25 10
50 30 10
50 35 10
50 40 10
50 45 10
50 50 10
50 55 10
50 60 10
50 65 10
50 70 10
50 75 10
50 80 10
50 85 10
50 90 10
50 95 10
50 100 10

55 5 0
55 10 8
55 15 10
55 20 10
55 25 10
55 30 10
55 35 10
55 40 10
55 45 10
55 50 10
55 55 10
55 60 10
55 65 10
55 70 10
55 75 10
55 80 10
55 85 10
55 90 10
55 95 10
55 100 10

60 5 0
60 10 8
60 15 10
60 20 10
60 25 10
60 30 10
60 35 10
60 40 10
60 45 10
60 50 10
60 55 10
60 60 10
60 65 10
60 70 10
60 75 10
60 80 10
60 85 10
60 90 10
60 95 10
60 100 10

65 5 0
65 10 8
65 15 10
65 20 10
65 25 10
65 30 10
65 35 10
65 40 10
65 45 10
65 50 10
65 55 10
65 60 10
65 65 10
65 70 10
65 75 10
65 80 10
65 85 10
65 90 10
65 95 10
65 100 10

70 5 0
70 10 10
70 15 10
70 20 10
70 25 10
70 30 10
70 35 10
70 40 10
70 45 10
70 50 10
70 55 10
70 60 10
70 65 10
70 70 10
70 75 10
70 80 10
70 85 10
70 90 10
70 95 10
70 100 10

75 5 0
75 10 10
75 15 10
75 20 10
75 25 10
75 30 10
75 35 10
75 40 10
75 45 10
75 50 10
75 55 10
75 60 10
75 65 10
75 70 10
75 75 10
75 80 10
75 85 10
75 90 10
75 95 10
75 100 10

80 5 0
80 10 10
80 15 10
80 20 10
80 25 10
80 30 10
80 35 10
80 40 10
80 45 10
80 50 10
80 55 10
80 60 10
80 65 10
80 70 10
80 75 10
80 80 10
80 85 10
80 90 10
80 95 10
80 100 10

85 5 0
85 10 10
85 15 10
85 20 10
85 25 10
85 30 10
85 35 10
85 40 10
85 45 10
85 50 10
85 55 10
85 60 10
85 65 10
85 70 10
85 75 10
85 80 10
85 85 10
85 90 10
85 95 10
85 100 10

90 5 1
90 10 10
90 15 10
90 20 10
90 25 10
90 30 10
90 35 10
90 40 10
90 45 10
90 50 10
90 55 10
90 60 10
90 65 10
90 70 10
90 75 10
90 80 10
90 85 10
90 90 10
90 95 10
90 100 10

95 5 0
95 10 10
95 15 10
95 20 10
95 25 10
95 30 10
95 35 10
95 40 10
95 45 10
95 50 10
95 55 10
95 60 10
95 65 10
95 70 10
95 75 10
95 80 10
95 85 10
95 90 10
95 95 10
95 100 10

100 5 0
100 10 10
100 15 10
100 20 10
100 25 10
100 30 10
100 35 10
100 40 10
100 45 10
100 50 10
100 55 10
100 60 10
100 65 10
100 70 10
100 75 10
100 80 10
100 85 10
100 90 10
100 95 10
100 100 10

