5 5 40446
5 10 28485
5 15 25993
5 20 25869
5 25 24416
5 30 24811
5 35 23722
5 40 24496
5 45 22688
5 50 23470
5 55 25225
5 60 23292
5 65 21711
5 70 24361
5 75 22921
5 80 22402
5 85 24746
5 90 22353
5 95 23934
5 100 23120

10 5 40546
10 10 25132
10 15 22416
10 20 20714
10 25 19832
10 30 20476
10 35 19949
10 40 22709
10 45 20328
10 50 19878
10 55 20209
10 60 19689
10 65 18658
10 70 18985
10 75 20262
10 80 19819
10 85 20113
10 90 19064
10 95 20278
10 100 20704

15 5 39222
15 10 21552
15 15 18760
15 20 18101
15 25 17831
15 30 18310
15 35 18409
15 40 19020
15 45 16425
15 50 15446
15 55 17167
15 60 16277
15 65 15510
15 70 16828
15 75 17792
15 80 16116
15 85 15395
15 90 18299
15 95 16020
15 100 16571

20 5 40759
20 10 18622
20 15 17151
20 20 15061
20 25 14424
20 30 12653
20 35 12945
20 40 12147
20 45 12120
20 50 12140
20 55 12457
20 60 13740
20 65 11218
20 70 16698
20 75 12967
20 80 12165
20 85 12927
20 90 12790
20 95 13464
20 100 13769

25 5 39197
25 10 18615
25 15 13053
25 20 12627
25 25 9516
25 30 12206
25 35 12792
25 40 7561
25 45 9977
25 50 8103
25 55 9135
25 60 9571
25 65 8715
25 70 9610
25 75 8390
25 80 9713
25 85 10213
25 90 5988
25 95 6878
25 100 7263

30 5 35253
30 10 13550
30 15 10233
30 20 6537
30 25 8746
30 30 7186
30 35 6586
30 40 6109
30 45 5486
30 50 3679
30 55 6438
30 60 4307
30 65 5192
30 70 4021
30 75 5736
30 80 5291
30 85 5944
30 90 4506
30 95 2791
30 100 3916

35 5 37294
35 10 8382
35 15 7722
35 20 4473
35 25 2689
35 30 3360
35 35 2814
35 40 752
35 45 2426
35 50 3898
35 55 2213
35 60 544
35 65 1192
35 70 2062
35 75 2417
35 80 203
35 85 1550
35 90 484
35 95 2051
35 100 2423

40 5 34428
40 10 10346
40 15 5672
40 20 2031
40 25 2407
40 30 1266
40 35 0
40 40 475
40 45 1187
40 50 1398
40 55 255
40 60 457
40 65 0
40 70 444
40 75 619
40 80 70
40 85 907
40 90 367
40 95 0
40 100 175

45 5 38973
45 10 7059
45 15 2703
45 20 1145
45 25 0
45 30 1390
45 35 0
45 40 475
45 45 817
45 50 0
45 55 0
45 60 621
45 65 0
45 70 136
45 75 0
45 80 0
45 85 0
45 90 426
45 95 0
45 100 0

50 5 33965
50 10 5008
50 15 1188
50 20 648
50 25 0
50 30 0
50 35 0
50 40 0
50 45 0
50 50 0
50 55 0
50 60 0
50 65 0
50 70 0
50 75 0
50 80 0
50 85 0
50 90 0
50 95 0
50 100 0

55 5 33880
55 10 2275
55 15 0
55 20 0
55 25 0
55 30 0
55 35 0
55 40 0
55 45 0
55 50 0
55 55 0
55 60 0
55 65 0
55 70 0
55 75 0
55 80 0
55 85 0
55 90 0
55 95 0
55 100 0

60 5 34984
60 10 1079
60 15 0
60 20 0
60 25 0
60 30 0
60 35 0
60 40 0
60 45 0
60 50 0
60 55 0
60 60 0
60 65 0
60 70 0
60 75 0
60 80 0
60 85 0
60 90 0
60 95 0
60 100 0

65 5 36059
65 10 667
65 15 0
65 20 0
65 25 0
65 30 0
65 35 0
65 40 0
65 45 0
65 50 0
65 55 0
65 60 0
65 65 0
65 70 0
65 75 0
65 80 0
65 85 0
65 90 0
65 95 0
65 100 0

70 5 27903
70 10 0
70 15 0
70 20 0
70 25 0
70 30 0
70 35 0
70 40 0
70 45 0
70 50 0
70 55 0
70 60 0
70 65 0
70 70 0
70 75 0
70 80 0
70 85 0
70 90 0
70 95 0
70 100 0

75 5 36694
75 10 0
75 15 0
75 20 0
75 25 0
75 30 0
75 35 0
75 40 0
75 45 0
75 50 0
75 55 0
75 60 0
75 65 0
75 70 0
75 75 0
75 80 0
75 85 0
75 90 0
75 95 0
75 100 0

80 5 37408
80 10 0
80 15 0
80 20 0
80 25 0
80 30 0
80 35 0
80 40 0
80 45 0
80 50 0
80 55 0
80 60 0
80 65 0
80 70 0
80 75 0
80 80 0
80 85 0
80 90 0
80 95 0
80 100 0

85 5 24979
85 10 0
85 15 0
85 20 0
85 25 0
85 30 0
85 35 0
85 40 0
85 45 0
85 50 0
85 55 0
85 60 0
85 65 0
85 70 0
85 75 0
85 80 0
85 85 0
85 90 0
85 95 0
85 100 0

90 5 30867
90 10 0
90 15 0
90 20 0
90 25 0
90 30 0
90 35 0
90 40 0
90 45 0
90 50 0
90 55 0
90 60 0
90 65 0
90 70 0
90 75 0
90 80 0
90 85 0
90 90 0
90 95 0
90 100 0

95 5 32190
95 10 0
95 15 0
95 20 0
95 25 0
95 30 0
95 35 0
95 40 0
95 45 0
95 50 0
95 55 0
95 60 0
95 65 0
95 70 0
95 75 0
95 80 0
95 85 0
95 90 0
95 95 0
95 100 0

100 5 30419
100 10 0
100 15 0
100 20 0
100 25 0
100 30 0
100 35 0
100 40 0
100 45 0
100 50 0
100 55 0
100 60 0
100 65 0
100 70 0
100 75 0
100 80 0
100 85 0
100 90 0
100 95 0
100 100 0

